191427
349574
0
318711
62635
149111
446175
263161
0
0
147988
0
267112
171382
39001
258557
0
807332
154217
105431
403607
197890
121296
156616
163007
32641
260612
227489
183962
175047
127767
0
0
944494
0
338199
0
827799
36587
552773
248967
137705
81833
0
284504
192119
237856
454074
0
76335
157882
229892
109461
42101
0
0
154813
0
216492
462813
564551
555985
83436
44433
398844
4127
158372
243765
0
434384
135602
269436
0
231952
336546
0
124408
40347
0
54894
41506
346160
429195
216569
119692
203464
173974
389161
31226
344548
0
17897
214171
82130
215898
142027
0
260947
67028
263786
37751
0
265035
70555
72770
341480
546238
231540
0
179114
171613
559731
119059
784628
142963
122939
0
259475
199658
253570
117242
236418
777872
242025
172275
249561
0
17013
552642
451265
473627
319115
215710
51012
392576
513500
97361
834
238324
78513
32176
324621
0
200296
166538
567338
0
218742
60269
553889
140111
203246
0
396583
568186
263209
0
501561
137766
184634
179302
249472
0
0
265026
80112
517967
712157
19881
80607
120966
228623
0
605104
207193
16152
456512
17756
110033
767164
274520
134975
554343
96321
122721
106424
258856
637951
505645
